State Buffer: [array([[33000,  3000,  6000,  3000, 33000,  3000,  6000,  3000,     3,
            3,     5,     0,     0,     0,     3]]), array([[    3,     3,     5,     0,     0,     0,     3, 37000,  3000,
        10000,  3000, 33000,  3000,  6000, 11000]]), array([[    3,     3,     5,     0,     0,     0,     3, 37000,  7000,
         8000,  3000, 37000,  5000,  6000,  3000]]), array([[    3,     3,     5,     0,     0,     0,     3, 35000,  5000,
         8000,  3000, 33000,  5000,  6000, 11000]]), array([[    3,     3,     5,     0,     0,     0,     3, 37000,  5000,
         6000,  7000, 37000,  7000,  8000, -1000]]), array([[    3,     3,     5,     0,     0,     0,     3, 37000,  3000,
        10000,  5000, 37000,  3000, 10000,  1000]]), array([[    3,     3,     5,     0,     0,     0,     3, 35000,  3000,
        10000,  7000, 33000,  5000,  8000,  5000]]), array([[    3,     3,     5,     0,     0,     0,     3, 33000,  3000,
        10000,  5000, 33000,  5000,  8000,  9000]]), array([[    3,     3,     5,     0,     0,     0,     3, 33000,  7000,
         6000,  7000, 35000,  7000,  8000,  3000]]), array([[    3,     3,     5,     0,     0,     0,     3, 33000,  5000,
         8000,  5000, 33000,  5000, 10000,  7000]]), array([[    3,     3,     5,     0,     0,     0,     3, 37000,  5000,
         6000,  7000, 33000,  5000, 10000,  3000]]), array([[    3,     3,     5,     0,     0,     0,     3, 37000,  5000,
        10000,  5000, 37000,  3000,  8000,  1000]]), array([[    3,     3,     5,     0,     0,     0,     3, 37000,  7000,
         8000,  7000, 35000,  5000,  8000, -1000]]), array([[    3,     3,     5,     0,     0,     0,     3, 37000,  7000,
         6000,  5000, 35000,  7000, 10000, -1000]]), array([[    3,     3,     5,     0,     0,     0,     3, 37000,  3000,
         8000,  7000, 35000,  3000,  8000,  5000]]), array([[    3,     3,     5,     0,     0,     0,     3, 33000,  3000,
         6000,  3000, 35000,  3000,  8000, 15000]]), array([[    3,     3,     5,     0,     0,     0,     3, 33000,  5000,
         6000,  7000, 37000,  7000,  6000,  5000]]), array([[    3,     3,     5,     0,     0,     0,     3, 33000,  7000,
         6000,  3000, 33000,  5000, 10000,  9000]]), array([[    3,     3,     5,     0,     0,     0,     3, 35000,  7000,
         6000,  5000, 35000,  7000,  6000,  5000]]), array([[    3,     3,     5,     0,     0,     0,     3, 33000,  5000,
        10000,  7000, 37000,  7000,  6000,  1000]]), array([[    3,     3,     5,     0,     0,     0,     3, 35000,  3000,
        10000,  7000, 33000,  5000,  6000,  7000]]), array([[    3,     3,     5,     0,     0,     0,     3, 35000,  5000,
         8000,  5000, 37000,  3000,  6000,  7000]]), array([[    3,     3,     5,     0,     0,     0,     3, 37000,  3000,
         8000,  3000, 35000,  7000,  6000,  7000]]), array([[    3,     3,     5,     0,     0,     0,     3, 33000,  5000,
         6000,  3000, 33000,  5000,  8000, 13000]]), array([[    3,     3,     5,     0,     0,     0,     3, 35000,  5000,
        10000,  5000, 37000,  3000,  6000,  5000]]), array([[    3,     3,     5,     0,     0,     0,     3, 33000,  7000,
        10000,  3000, 37000,  7000, 10000, -1000]]), array([[    3,     3,     5,     0,     0,     0,     3, 35000,  5000,
         8000,  7000, 35000,  5000,  6000,  5000]]), array([[    3,     3,     5,     0,     0,     0,     3, 35000,  5000,
         6000,  5000, 37000,  7000, 10000,  1000]]), array([[    3,     3,     5,     0,     0,     0,     3, 33000,  7000,
         8000,  3000, 35000,  5000,  8000,  7000]]), array([[    3,     3,     5,     0,     0,     0,     3, 35000,  3000,
         6000,  5000, 33000,  7000,  6000, 11000]]), array([[    3,     3,     5,     0,     0,     0,     3, 35000,  7000,
         8000,  3000, 33000,  3000,  8000,  9000]]), array([[    3,     3,     5,     0,     0,     0,     3, 33000,  3000,
        10000,  7000, 37000,  7000,  8000,  1000]]), array([[    3,     3,     5,     0,     0,     0,     3, 33000,  5000,
         8000,  5000, 37000,  3000,  6000,  9000]]), array([[    3,     3,     5,     0,     0,     0,     3, 37000,  5000,
         6000,  5000, 33000,  5000,  6000,  9000]]), array([[    3,     3,     5,     0,     0,     0,     3, 37000,  3000,
         8000,  5000, 35000,  7000,  8000,  3000]]), array([[    3,     3,     5,     0,     0,     0,     3, 35000,  7000,
         6000,  3000, 33000,  3000,  8000, 11000]]), array([[    3,     3,     5,     0,     0,     0,     3, 33000,  5000,
         6000,  3000, 37000,  5000,  8000,  9000]]), array([[    3,     3,     5,     0,     0,     0,     3, 33000,  5000,
        10000,  7000, 37000,  7000,  6000,  1000]]), array([[    3,     3,     5,     0,     0,     0,     3, 37000,  5000,
         6000,  3000, 37000,  7000,  8000,  3000]]), array([[    3,     3,     5,     0,     0,     0,     3, 33000,  5000,
         8000,  7000, 33000,  7000,  6000,  7000]]), array([[    3,     3,     5,     0,     0,     0,     3, 35000,  3000,
         6000,  3000, 33000,  3000,  6000, 17000]]), array([[    3,     3,     5,     0,     0,     0,     3, 35000,  5000,
        10000,  5000, 33000,  5000,  8000,  5000]]), array([[    3,     3,     5,     0,     0,     0,     3, 33000,  3000,
         6000,  7000, 35000,  3000,  6000, 13000]]), array([[    3,     3,     5,     0,     0,     0,     3, 37000,  3000,
         8000,  7000, 33000,  3000,  8000,  7000]]), array([[    3,     3,     5,     0,     0,     0,     3, 33000,  7000,
         6000,  3000, 33000,  5000,  8000, 11000]]), array([[    3,     3,     5,     0,     0,     0,     3, 35000,  5000,
         6000,  5000, 33000,  7000, 10000,  5000]]), array([[    3,     3,     5,     0,     0,     0,     3, 35000,  7000,
        10000,  5000, 37000,  3000,  8000,  1000]]), array([[    3,     3,     5,     0,     0,     0,     3, 37000,  3000,
         8000,  3000, 33000,  3000, 10000,  9000]]), array([[    3,     3,     5,     0,     0,     0,     3, 37000,  7000,
         6000,  5000, 33000,  3000,  8000,  7000]]), array([[    3,     3,     5,     0,     0,     0,     3, 37000,  7000,
         6000,  3000, 33000,  5000,  6000,  9000]]), array([[    3,     3,     5,     0,     0,     0,     3, 35000,  5000,
         6000,  7000, 33000,  7000, 10000,  3000]]), array([[    3,     3,     5,     0,     0,     0,     3, 35000,  5000,
         6000,  5000, 37000,  3000,  8000,  7000]]), array([[    3,     3,     5,     0,     0,     0,     3, 35000,  5000,
        10000,  3000, 37000,  3000,  8000,  5000]]), array([[    3,     3,     5,     0,     0,     0,     3, 33000,  3000,
         6000,  5000, 37000,  7000,  6000,  9000]]), array([[    3,     3,     5,     0,     0,     0,     3, 33000,  5000,
        10000,  5000, 37000,  3000,  6000,  7000]]), array([[    3,     3,     5,     0,     0,     0,     3, 37000,  7000,
         8000,  7000, 35000,  7000,  8000, -3000]]), array([[    3,     3,     5,     0,     0,     0,     3, 35000,  5000,
        10000,  5000, 37000,  5000,  8000,  1000]]), array([[    3,     3,     5,     0,     0,     0,     3, 35000,  7000,
        10000,  3000, 35000,  3000,  6000,  7000]]), array([[    3,     3,     5,     0,     0,     0,     3, 37000,  3000,
        10000,  7000, 37000,  7000,  6000, -1000]]), array([[    3,     3,     5,     0,     0,     0,     3, 33000,  5000,
         8000,  3000, 35000,  7000,  8000,  7000]]), array([[    3,     3,     5,     0,     0,     0,     3, 35000,  7000,
        10000,  3000, 37000,  5000, 10000, -1000]]), array([[    3,     3,     5,     0,     0,     0,     3, 37000,  5000,
         6000,  7000, 33000,  5000, 10000,  3000]]), array([[    3,     3,     5,     0,     0,     0,     3, 35000,  5000,
         6000,  5000, 33000,  5000,  8000,  9000]]), array([[    3,     3,     5,     0,     0,     0,     3, 37000,  7000,
        10000,  5000, 35000,  5000,  6000,  1000]]), array([[    3,     3,     5,     0,     0,     0,     3, 37000,  3000,
         6000,  5000, 33000,  3000,  8000, 11000]]), array([[    3,     3,     5,     0,     0,     0,     3, 33000,  3000,
         6000,  3000, 33000,  3000,  6000, 19000]]), array([[    3,     3,     5,     0,     0,     0,     3, 35000,  7000,
         8000,  5000, 37000,  5000, 10000, -1000]]), array([[    3,     3,     5,     0,     0,     0,     3, 35000,  7000,
         8000,  7000, 35000,  7000,  6000,  1000]]), array([[    3,     3,     5,     0,     0,     0,     3, 37000,  5000,
        10000,  7000, 33000,  3000, 10000,  1000]]), array([[    3,     3,     5,     0,     0,     0,     3, 37000,  3000,
        10000,  7000, 35000,  7000, 10000, -3000]]), array([[    3,     3,     5,     0,     0,     0,     3, 33000,  7000,
        10000,  7000, 33000,  3000,  6000,  7000]]), array([[    3,     3,     5,     0,     0,     0,     3, 37000,  5000,
        10000,  3000, 35000,  3000, 10000,  3000]]), array([[    3,     3,     5,     0,     0,     0,     3, 33000,  3000,
        10000,  5000, 33000,  7000,  8000,  7000]]), array([[    3,     3,     5,     0,     0,     0,     3, 35000,  7000,
        10000,  3000, 35000,  7000,  6000,  3000]]), array([[    3,     3,     5,     0,     0,     0,     3, 35000,  3000,
         8000,  3000, 33000,  3000,  6000, 15000]]), array([[    3,     3,     5,     0,     0,     0,     3, 37000,  3000,
         6000,  3000, 35000,  5000,  8000,  9000]]), array([[    3,     3,     5,     0,     0,     0,     3, 33000,  3000,
        10000,  3000, 35000,  5000,  8000,  9000]]), array([[    3,     3,     5,     0,     0,     0,     3, 33000,  7000,
        10000,  7000, 33000,  7000, 10000, -1000]]), array([[    3,     3,     5,     0,     0,     0,     3, 35000,  7000,
         6000,  7000, 37000,  3000,  8000,  3000]]), array([[    3,     3,     5,     0,     0,     0,     3, 35000,  5000,
         6000,  7000, 33000,  3000, 10000,  7000]]), array([[    3,     3,     5,     0,     0,     0,     3, 37000,  7000,
         6000,  3000, 33000,  5000,  6000,  9000]]), array([[    3,     3,     5,     0,     0,     0,     3, 33000,  7000,
        10000,  7000, 35000,  5000,  6000,  3000]]), array([[    3,     3,     5,     0,     0,     0,     3, 35000,  5000,
         6000,  3000, 33000,  7000,  8000,  9000]]), array([[    3,     3,     5,     0,     0,     0,     3, 37000,  3000,
         8000,  7000, 35000,  7000,  6000,  3000]]), array([[    3,     3,     5,     0,     0,     0,     3, 33000,  5000,
        10000,  3000, 37000,  5000, 10000,  3000]]), array([[    3,     3,     5,     0,     0,     0,     3, 33000,  3000,
         8000,  7000, 37000,  5000,  8000,  5000]]), array([[    3,     3,     5,     0,     0,     0,     3, 37000,  7000,
         6000,  7000, 33000,  5000, 10000,  1000]]), array([[    3,     3,     5,     0,     0,     0,     3, 33000,  3000,
         8000,  3000, 33000,  3000,  6000, 17000]]), array([[    3,     3,     5,     0,     0,     0,     3, 37000,  7000,
         6000,  3000, 37000,  3000,  6000,  7000]]), array([[    3,     3,     5,     0,     0,     0,     3, 37000,  5000,
         6000,  3000, 37000,  5000,  6000,  7000]]), array([[    3,     3,     5,     0,     0,     0,     3, 37000,  7000,
         6000,  5000, 37000,  5000,  6000,  3000]]), array([[    3,     3,     5,     0,     0,     0,     3, 35000,  7000,
        10000,  5000, 37000,  7000,  6000, -1000]]), array([[    3,     3,     5,     0,     0,     0,     3, 37000,  5000,
        10000,  7000, 35000,  5000, 10000, -3000]]), array([[    3,     3,     5,     0,     0,     0,     3, 37000,  3000,
        10000,  3000, 37000,  7000, 10000, -1000]]), array([[    3,     3,     5,     0,     0,     0,     3, 33000,  5000,
         6000,  5000, 37000,  7000, 10000,  3000]]), array([[    3,     3,     5,     0,     0,     0,     3, 37000,  3000,
         8000,  5000, 37000,  7000,  6000,  3000]]), array([[    3,     3,     5,     0,     0,     0,     3, 35000,  7000,
         8000,  3000, 35000,  7000,  6000,  5000]]), array([[    3,     3,     5,     0,     0,     0,     3, 35000,  5000,
        10000,  5000, 33000,  7000,  6000,  5000]]), array([[    3,     3,     5,     0,     0,     0,     3, 33000,  5000,
         8000,  5000, 35000,  7000, 10000,  3000]]), array([[    3,     3,     5,     0,     0,     0,     3, 33000,  7000,
        10000,  5000, 35000,  7000, 10000, -1000]])]
Q Buffer:[array([[ 8.9999752e+00,  8.9996367e+00,  9.0007019e+00, -2.6081493e-03,
        -4.9000140e-04, -8.9486467e-04, -1.5708897e-03,  2.4158082e-03,
        -1.0026172e-03, -1.6526214e-03, -8.6316839e-04,  1.5062050e-04,
         7.6737057e-04,  1.9828312e-03,  1.5132695e-03,  1.0926925e-03,
        -1.0000985e-03,  3.1408964e-04,  8.6725224e-04,  1.0629562e-03,
        -1.0573127e-03]], dtype=float32), array([[ 9.0000114e+00, -3.9002043e-04,  9.0020790e+00, -9.4899943e-04,
         5.3581753e-04,  1.9595904e-04, -3.2747374e-03,  2.7085789e-03,
        -9.8746037e-04, -2.3136663e-04, -4.4344156e-04,  1.9048231e-03,
        -7.2295807e-05, -7.9986325e-04, -1.3724623e-03, -3.2647868e-04,
         1.5033201e-04,  1.5454158e-03, -2.9434316e-04,  1.6469718e-04,
        -2.7575716e-04]], dtype=float32), array([[ 9.0001507e+00,  9.0007029e+00,  9.0009871e+00, -1.0686639e-03,
         6.0983188e-04,  4.0196089e-04, -3.2362572e-03,  2.4553663e-03,
        -1.1344955e-03,  1.4947350e-04, -1.2396618e-04,  1.9069546e-03,
         4.2368862e-05, -1.2745232e-03, -1.6051707e-03, -2.4990572e-04,
         2.8543992e-04,  1.3991354e-03, -7.0924580e-04,  7.6761207e-04,
        -2.1578174e-04]], dtype=float32), array([[ 9.0001507e+00,  9.0007029e+00,  1.9332783e-03, -1.0686639e-03,
         6.0983188e-04,  4.0196089e-04, -3.2362572e-03,  2.4553663e-03,
        -1.1344955e-03,  1.4947350e-04, -1.2396618e-04,  1.9069546e-03,
         4.2368862e-05, -1.2745232e-03, -1.6051707e-03, -2.4990572e-04,
         2.8543992e-04,  1.3991354e-03, -7.0924580e-04,  7.6761207e-04,
        -2.1578174e-04]], dtype=float32), array([[ 9.0010920e+00,  9.0001040e+00,  9.0017157e+00, -1.0686497e-03,
         6.0982618e-04,  4.0194998e-04, -3.2362344e-03,  2.4553279e-03,
        -1.1344806e-03,  1.4945862e-04, -1.2397303e-04,  1.9069413e-03,
         4.2355852e-05, -1.2745170e-03, -1.6051867e-03, -2.4995304e-04,
         2.8546093e-04,  1.3991238e-03, -7.0927170e-04,  7.6762878e-04,
        -2.1578590e-04]], dtype=float32), array([[ 9.0003185e+00,  9.0007296e+00,  9.0012598e+00, -9.4899943e-04,
         5.3581753e-04,  1.9595904e-04, -3.2747374e-03,  2.7085789e-03,
        -9.8746037e-04, -2.3136663e-04, -4.4344156e-04,  1.9048231e-03,
        -7.2295807e-05, -7.9986325e-04, -1.3724623e-03, -3.2647868e-04,
         1.5033201e-04,  1.5454158e-03, -2.9434316e-04,  1.6469718e-04,
        -2.7575716e-04]], dtype=float32), array([[ 8.9997435e+00,  9.0001040e+00,  9.0018902e+00, -1.0686639e-03,
         6.0983188e-04,  4.0196089e-04, -3.2362572e-03,  2.4553663e-03,
        -1.1344955e-03,  1.4947350e-04, -1.2396618e-04,  1.9069546e-03,
         4.2368862e-05, -1.2745232e-03, -1.6051707e-03, -2.4990572e-04,
         2.8543992e-04,  1.3991354e-03, -7.0924580e-04,  7.6761207e-04,
        -2.1578174e-04]], dtype=float32), array([[ 8.9996605e+00,  9.0001764e+00,  9.0020790e+00, -9.4899943e-04,
         5.3581753e-04,  1.9595904e-04, -3.2747374e-03,  2.7085789e-03,
        -9.8746037e-04, -2.3136663e-04, -4.4344156e-04,  1.9048231e-03,
        -7.2295807e-05, -7.9986325e-04, -1.3724623e-03, -3.2647868e-04,
         1.5033201e-04,  1.5454158e-03, -2.9434316e-04,  1.6469718e-04,
        -2.7575716e-04]], dtype=float32), array([[ 9.0009699e+00,  9.0003958e+00,  9.0016451e+00, -1.0686639e-03,
         6.0983188e-04,  4.0196089e-04, -3.2362572e-03,  2.4553663e-03,
        -1.1344955e-03,  1.4947350e-04, -1.2396618e-04,  1.9069546e-03,
         4.2368862e-05, -1.2745232e-03, -1.6051707e-03, -2.4990572e-04,
         2.8543992e-04,  1.3991354e-03, -7.0924580e-04,  7.6761207e-04,
        -2.1578174e-04]], dtype=float32), array([[ 8.9997997e+00,  9.0007029e+00,  9.0013380e+00, -1.0686639e-03,
         6.0983188e-04,  4.0196089e-04, -3.2362572e-03,  2.4553663e-03,
        -1.1344955e-03,  1.4947350e-04, -1.2396618e-04,  1.9069546e-03,
         4.2368862e-05, -1.2745232e-03, -1.6051707e-03, -2.4990572e-04,
         2.8543992e-04,  1.3991354e-03, -7.0924580e-04,  7.6761207e-04,
        -2.1578174e-04]], dtype=float32), array([[ 8.9997959e+00,  9.0007067e+00,  9.0013199e+00, -1.0686639e-03,
         6.0983188e-04,  4.0196089e-04, -3.2362572e-03,  2.4553663e-03,
        -1.1344955e-03,  1.4947350e-04, -1.2396618e-04,  1.9069546e-03,
         4.2368862e-05, -1.2745232e-03, -1.6051707e-03, -2.4990572e-04,
         2.8543992e-04,  1.3991354e-03, -7.0924580e-04,  7.6761207e-04,
        -2.1578174e-04]], dtype=float32), array([[ 9.0004482e+00,  9.0003824e+00,  9.0009832e+00, -1.0610198e-03,
         6.0508319e-04,  3.8892796e-04, -3.2388824e-03,  2.4717031e-03,
        -1.1252607e-03,  1.2514726e-04, -1.4442031e-04,  1.9068379e-03,
         3.4923316e-05, -1.2441734e-03, -1.5905403e-03, -2.5485913e-04,
         2.7679186e-04,  1.4086327e-03, -6.8273593e-04,  7.2906073e-04,
        -2.1963325e-04]], dtype=float32), array([[-4.4369680e-04,  9.0003958e+00,  9.0018911e+00, -1.0686639e-03,
         6.0983188e-04,  4.0196089e-04, -3.2362572e-03,  2.4553663e-03,
        -1.1344955e-03,  1.4947350e-04, -1.2396618e-04,  1.9069546e-03,
         4.2368862e-05, -1.2745232e-03, -1.6051707e-03, -2.4990572e-04,
         2.8543992e-04,  1.3991354e-03, -7.0924580e-04,  7.6761207e-04,
        -2.1578174e-04]], dtype=float32), array([[ 9.0010920e+00,  8.9999886e+00,  9.0010462e+00, -1.0686639e-03,
         6.0983188e-04,  4.0196089e-04, -3.2362572e-03,  2.4553663e-03,
        -1.1344955e-03,  1.4947350e-04, -1.2396618e-04,  1.9069546e-03,
         4.2368862e-05, -1.2745232e-03, -1.6051707e-03, -2.4990572e-04,
         2.8543992e-04,  1.3991354e-03, -7.0924580e-04,  7.6761207e-04,
        -2.1578174e-04]], dtype=float32), array([[ 9.0003891e+00,  8.9998846e+00,  9.0018120e+00, -9.4899943e-04,
         5.3581753e-04,  1.9595904e-04, -3.2747374e-03,  2.7085789e-03,
        -9.8746037e-04, -2.3136663e-04, -4.4344156e-04,  1.9048231e-03,
        -7.2295807e-05, -7.9986325e-04, -1.3724623e-03, -3.2647868e-04,
         1.5033201e-04,  1.5454158e-03, -2.9434316e-04,  1.6469718e-04,
        -2.7575716e-04]], dtype=float32), array([[ 9.0003176e+00,  9.0001764e+00,  1.7767565e-03, -9.4899943e-04,
         5.3581753e-04,  1.9595904e-04, -3.2747374e-03,  2.7085789e-03,
        -9.8746037e-04, -2.3136663e-04, -4.4344156e-04,  1.9048231e-03,
        -7.2295807e-05, -7.9986325e-04, -1.3724623e-03, -3.2647868e-04,
         1.5033201e-04,  1.5454158e-03, -2.9434316e-04,  1.6469718e-04,
        -2.7575716e-04]], dtype=float32), array([[ 9.0001507e+00,  9.0003195e+00,  9.0016460e+00, -1.0685287e-03,
         6.0977170e-04,  4.0185702e-04, -3.2360344e-03,  2.4549931e-03,
        -1.1343489e-03,  1.4932366e-04, -1.2403465e-04,  1.9068242e-03,
         4.2242347e-05, -1.2744596e-03, -1.6053256e-03, -2.5036721e-04,
         2.8564763e-04,  1.3990182e-03, -7.0949539e-04,  7.6777942e-04,
        -2.1582271e-04]], dtype=float32), array([[ 8.9997997e+00,  9.0007029e+00,  9.0013380e+00, -1.0686639e-03,
         6.0983188e-04,  4.0196089e-04, -3.2362572e-03,  2.4553663e-03,
        -1.1344955e-03,  1.4947350e-04, -1.2396618e-04,  1.9069546e-03,
         4.2368862e-05, -1.2745232e-03, -1.6051707e-03, -2.4990572e-04,
         2.8543992e-04,  1.3991354e-03, -7.0924580e-04,  7.6761207e-04,
        -2.1578174e-04]], dtype=float32), array([[ 9.0001507e+00,  9.0000448e+00,  9.0016451e+00, -1.0686639e-03,
         6.0983188e-04,  4.0196089e-04, -3.2362572e-03,  2.4553663e-03,
        -1.1344955e-03,  1.4947350e-04, -1.2396618e-04,  1.9069546e-03,
         4.2368862e-05, -1.2745232e-03, -1.6051707e-03, -2.4990572e-04,
         2.8543992e-04,  1.3991354e-03, -7.0924580e-04,  7.6761207e-04,
        -2.1578174e-04]], dtype=float32), array([[ 9.0001507e+00,  9.0003195e+00,  9.0016451e+00, -1.0686639e-03,
         6.0983188e-04,  4.0196089e-04, -3.2362572e-03,  2.4553663e-03,
        -1.1344955e-03,  1.4947350e-04, -1.2396618e-04,  1.9069546e-03,
         4.2368862e-05, -1.2745232e-03, -1.6051707e-03, -2.4990572e-04,
         2.8543992e-04,  1.3991354e-03, -7.0924580e-04,  7.6761207e-04,
        -2.1578174e-04]], dtype=float32), array([[ 8.9998589e+00,  9.0007734e+00,  9.0018902e+00, -1.0686639e-03,
         6.0983188e-04,  4.0196089e-04, -3.2362572e-03,  2.4553663e-03,
        -1.1344955e-03,  1.4947350e-04, -1.2396618e-04,  1.9069546e-03,
         4.2368862e-05, -1.2745232e-03, -1.6051707e-03, -2.4990572e-04,
         2.8543992e-04,  1.3991354e-03, -7.0924580e-04,  7.6761207e-04,
        -2.1578174e-04]], dtype=float32), array([[ 9.0000114e+00,  9.0007296e+00,  9.0009089e+00, -9.4899943e-04,
         5.3581753e-04,  1.9595904e-04, -3.2747374e-03,  2.7085789e-03,
        -9.8746037e-04, -2.3136663e-04, -4.4344156e-04,  1.9048231e-03,
        -7.2295807e-05, -7.9986325e-04, -1.3724623e-03, -3.2647868e-04,
         1.5033201e-04,  1.5454158e-03, -2.9434316e-04,  1.6469718e-04,
        -2.7575716e-04]], dtype=float32), array([[ 9.0001278e+00,  9.0000401e+00,  9.0016508e+00, -1.0686639e-03,
         6.0983188e-04,  4.0196089e-04, -3.2362572e-03,  2.4553663e-03,
        -1.1344955e-03,  1.4947350e-04, -1.2396618e-04,  1.9069546e-03,
         4.2368862e-05, -1.2745232e-03, -1.6051707e-03, -2.4990572e-04,
         2.8543992e-04,  1.3991354e-03, -7.0924580e-04,  7.6761207e-04,
        -2.1578174e-04]], dtype=float32), array([[ 8.99973106e+00,  9.00008678e+00,  1.92092895e-03,
        -1.05903030e-03,  6.03848952e-04,  3.85534513e-04,
        -3.23956227e-03,  2.47594970e-03, -1.12285488e-03,
         1.18818425e-04, -1.49740954e-04,  1.90680753e-03,
         3.29886388e-05, -1.23627926e-03, -1.58672873e-03,
        -2.56146421e-04,  2.74542428e-04,  1.41110027e-03,
        -6.75839372e-04,  7.19032891e-04, -2.20634800e-04]], dtype=float32), array([[ 9.0000801e+00,  9.0006838e+00,  9.0008554e+00, -9.4899943e-04,
         5.3581753e-04,  1.9595904e-04, -3.2747374e-03,  2.7085789e-03,
        -9.8746037e-04, -2.3136663e-04, -4.4344156e-04,  1.9048231e-03,
        -7.2295807e-05, -7.9986325e-04, -1.3724623e-03, -3.2647868e-04,
         1.5033201e-04,  1.5454158e-03, -2.9434316e-04,  1.6469718e-04,
        -2.7575716e-04]], dtype=float32), array([[ 9.0007010e+00, -7.1329094e-05,  9.0012112e+00, -9.4914495e-04,
         5.5049220e-04,  3.1797437e-04, -3.0611078e-03,  2.1724759e-03,
        -1.0272301e-03,  4.6023073e-05, -1.8967979e-04,  1.8123707e-03,
        -6.7698042e-05, -1.2275055e-03, -1.7401924e-03, -6.2311435e-04,
         4.5951179e-04,  1.3162061e-03, -9.0238114e-04,  9.0890157e-04,
        -2.4394593e-04]], dtype=float32), array([[ 9.0003014e+00,  9.0005970e+00,  9.0017738e+00, -1.0686639e-03,
         6.0983188e-04,  4.0196089e-04, -3.2362572e-03,  2.4553663e-03,
        -1.1344955e-03,  1.4947350e-04, -1.2396618e-04,  1.9069546e-03,
         4.2368862e-05, -1.2745232e-03, -1.6051707e-03, -2.4990572e-04,
         2.8543992e-04,  1.3991354e-03, -7.0924580e-04,  7.6761207e-04,
        -2.1578174e-04]], dtype=float32), array([[ 9.0009747e+00,  9.0008268e+00,  9.0010433e+00, -8.1709790e-04,
         4.9723568e-04,  2.1241821e-04, -2.8237458e-03,  1.7672362e-03,
        -8.6208916e-04, -1.2352700e-04, -2.4877148e-04,  1.6658121e-03,
        -1.9082261e-04, -1.1574398e-03, -1.8895178e-03, -1.0946298e-03,
         6.6529529e-04,  1.1818946e-03, -1.1654139e-03,  1.0770166e-03,
        -2.8991717e-04]], dtype=float32), array([[ 9.0007038e+00,  9.0003958e+00,  9.0012617e+00, -1.0686639e-03,
         6.0983188e-04,  4.0196089e-04, -3.2362572e-03,  2.4553663e-03,
        -1.1344955e-03,  1.4947350e-04, -1.2396618e-04,  1.9069546e-03,
         4.2368862e-05, -1.2745232e-03, -1.6051707e-03, -2.4990572e-04,
         2.8543992e-04,  1.3991354e-03, -7.0924580e-04,  7.6761207e-04,
        -2.1578174e-04]], dtype=float32), array([[ 8.9999399e+00,  9.0009480e+00,  9.0016966e+00, -1.0686639e-03,
         6.0983188e-04,  4.0196089e-04, -3.2362572e-03,  2.4553663e-03,
        -1.1344955e-03,  1.4947350e-04, -1.2396618e-04,  1.9069546e-03,
         4.2368862e-05, -1.2745232e-03, -1.6051707e-03, -2.4990572e-04,
         2.8543992e-04,  1.3991354e-03, -7.0924580e-04,  7.6761207e-04,
        -2.1578174e-04]], dtype=float32), array([[ 9.0002518e+00,  9.0003881e+00,  9.0011511e+00, -9.8217092e-04,
         5.5626687e-04,  2.5355621e-04, -3.2646379e-03,  2.6388657e-03,
        -1.0288195e-03, -1.2568118e-04, -3.5495436e-04,  1.9054719e-03,
        -4.0919753e-05, -9.3149021e-04, -1.4378816e-03, -3.0545788e-04,
         1.8774708e-04,  1.5053431e-03, -4.0948874e-04,  3.3189770e-04,
        -2.5919289e-04]], dtype=float32), array([[ 9.0000429e+00,  8.9999819e+00,  9.0014210e+00, -8.1709749e-04,
         4.9723592e-04,  2.1241886e-04, -2.8237454e-03,  1.7672365e-03,
        -8.6209114e-04, -1.2352524e-04, -2.4877099e-04,  1.6658120e-03,
        -1.9082296e-04, -1.1574404e-03, -1.8895172e-03, -1.0946301e-03,
         6.6529558e-04,  1.1818949e-03, -1.1654136e-03,  1.0770166e-03,
        -2.8991606e-04]], dtype=float32), array([[ 9.0000114e+00,  9.0007296e+00,  9.0009089e+00, -9.4899943e-04,
         5.3581753e-04,  1.9595904e-04, -3.2747374e-03,  2.7085789e-03,
        -9.8746037e-04, -2.3136663e-04, -4.4344156e-04,  1.9048231e-03,
        -7.2295807e-05, -7.9986325e-04, -1.3724623e-03, -3.2647868e-04,
         1.5033201e-04,  1.5454158e-03, -2.9434316e-04,  1.6469718e-04,
        -2.7575716e-04]], dtype=float32), array([[ 9.0001507e+00,  9.0007029e+00,  1.3366798e+01, -1.0686639e-03,
         6.0983188e-04,  4.0196089e-04, -3.2362572e-03,  2.4553663e-03,
        -1.1344955e-03,  1.4947350e-04, -1.2396618e-04,  1.9069546e-03,
         4.2368862e-05, -1.2745232e-03, -1.6051707e-03, -2.4990572e-04,
         2.8543992e-04,  1.3991354e-03, -7.0924580e-04,  7.6761207e-04,
        -2.1578174e-04]], dtype=float32), array([[ 9.0000381e+00,  9.0001040e+00,  9.0017157e+00, -1.0686639e-03,
         6.0983188e-04,  4.0196089e-04, -3.2362572e-03,  2.4553663e-03,
        -1.1344955e-03,  1.4947350e-04, -1.2396618e-04,  1.9069546e-03,
         4.2368862e-05, -1.2745232e-03, -1.6051707e-03, -2.4990572e-04,
         2.8543992e-04,  1.3991354e-03, -7.0924580e-04,  7.6761207e-04,
        -2.1578174e-04]], dtype=float32), array([[ 9.0003891e+00,  8.9998846e+00,  9.0011473e+00, -9.4899943e-04,
         5.3581753e-04,  1.9595904e-04, -3.2747374e-03,  2.7085789e-03,
        -9.8746037e-04, -2.3136663e-04, -4.4344156e-04,  1.9048231e-03,
        -7.2295807e-05, -7.9986325e-04, -1.3724623e-03, -3.2647868e-04,
         1.5033201e-04,  1.5454158e-03, -2.9434316e-04,  1.6469718e-04,
        -2.7575716e-04]], dtype=float32), array([[ 9.0005646e+00,  9.0001764e+00,  9.0009089e+00, -9.4900030e-04,
         5.3581770e-04,  1.9595952e-04, -3.2747372e-03,  2.7085782e-03,
        -9.8746107e-04, -2.3136508e-04, -4.4343973e-04,  1.9048235e-03,
        -7.2295312e-05, -7.9986459e-04, -1.3724626e-03, -3.2647816e-04,
         1.5033268e-04,  1.5454151e-03, -2.9434508e-04,  1.6469951e-04,
        -2.7575702e-04]], dtype=float32), array([[ 9.0003014e+00,  9.0002651e+00,  9.0015392e+00, -1.0686639e-03,
         6.0983188e-04,  4.0196089e-04, -3.2362572e-03,  2.4553663e-03,
        -1.1344955e-03,  1.4947350e-04, -1.2396618e-04,  1.9069546e-03,
         4.2368862e-05, -1.2745232e-03, -1.6051707e-03, -2.4990572e-04,
         2.8543992e-04,  1.3991354e-03, -7.0924580e-04,  7.6761207e-04,
        -2.1578174e-04]], dtype=float32), array([[ 9.0007086e+00,  9.0002737e+00,  9.0013504e+00, -8.1709784e-04,
         4.9723586e-04,  2.1241824e-04, -2.8237458e-03,  1.7672362e-03,
        -8.6208916e-04, -1.2352705e-04, -2.4877148e-04,  1.6658123e-03,
        -1.9082282e-04, -1.1574399e-03, -1.8895180e-03, -1.0946299e-03,
         6.6529535e-04,  1.1818947e-03, -1.1654140e-03,  1.0770168e-03,
        -2.8991693e-04]], dtype=float32), array([[ 8.9998722e+00,  9.0011234e+00,  9.0015535e+00, -1.0686639e-03,
         6.0983188e-04,  4.0196089e-04, -3.2362572e-03,  2.4553663e-03,
        -1.1344955e-03,  1.4947350e-04, -1.2396618e-04,  1.9069546e-03,
         4.2368862e-05, -1.2745232e-03, -1.6051707e-03, -2.4990572e-04,
         2.8543992e-04,  1.3991354e-03, -7.0924580e-04,  7.6761207e-04,
        -2.1578174e-04]], dtype=float32), array([[ 9.0000029e+00,  1.3365551e+01,  1.1506516e-03, -1.1602493e-03,
         7.6273736e-04,  6.8297517e-04, -3.4800600e-03,  2.2674773e-03,
        -5.2241370e-04, -5.3849583e-04, -8.5725985e-04,  1.8895428e-03,
         4.6408625e-04, -1.4556637e-03, -1.2613717e-03, -8.2020524e-05,
         6.3063030e-04,  1.2119734e-03,  1.2903246e-04,  1.9283092e-04,
        -4.7865798e-04]], dtype=float32), array([[ 8.9997435e+00,  9.0001040e+00,  9.0022793e+00, -1.0686639e-03,
         6.0983188e-04,  4.0196089e-04, -3.2362572e-03,  2.4553663e-03,
        -1.1344955e-03,  1.4947350e-04, -1.2396618e-04,  1.9069546e-03,
         4.2368862e-05, -1.2745232e-03, -1.6051707e-03, -2.4990572e-04,
         2.8543992e-04,  1.3991354e-03, -7.0924580e-04,  7.6761207e-04,
        -2.1578174e-04]], dtype=float32), array([[ 8.9997196e+00,  8.9997692e+00,  9.0018120e+00, -9.4899943e-04,
         5.3581753e-04,  1.9595904e-04, -3.2747374e-03,  2.7085789e-03,
        -9.8746037e-04, -2.3136663e-04, -4.4344156e-04,  1.9048231e-03,
        -7.2295807e-05, -7.9986325e-04, -1.3724623e-03, -3.2647868e-04,
         1.5033201e-04,  1.5454158e-03, -2.9434316e-04,  1.6469718e-04,
        -2.7575716e-04]], dtype=float32), array([[ 9.0003185e+00,  9.0001764e+00,  9.0018129e+00, -9.4899943e-04,
         5.3581753e-04,  1.9595904e-04, -3.2747374e-03,  2.7085789e-03,
        -9.8746037e-04, -2.3136663e-04, -4.4344156e-04,  1.9048231e-03,
        -7.2295807e-05, -7.9986325e-04, -1.3724623e-03, -3.2647868e-04,
         1.5033201e-04,  1.5454158e-03, -2.9434316e-04,  1.6469718e-04,
        -2.7575716e-04]], dtype=float32), array([[ 8.9997997e+00,  9.0003958e+00,  9.0012617e+00, -1.0686639e-03,
         6.0983188e-04,  4.0196089e-04, -3.2362572e-03,  2.4553663e-03,
        -1.1344955e-03,  1.4947350e-04, -1.2396618e-04,  1.9069546e-03,
         4.2368862e-05, -1.2745232e-03, -1.6051707e-03, -2.4990572e-04,
         2.8543992e-04,  1.3991354e-03, -7.0924580e-04,  7.6761207e-04,
        -2.1578174e-04]], dtype=float32), array([[ 8.9996700e+00,  9.0011263e+00,  9.0014315e+00, -1.0686639e-03,
         6.0983188e-04,  4.0196089e-04, -3.2362572e-03,  2.4553663e-03,
        -1.1344955e-03,  1.4947350e-04, -1.2396618e-04,  1.9069546e-03,
         4.2368862e-05, -1.2745232e-03, -1.6051707e-03, -2.4990572e-04,
         2.8543992e-04,  1.3991354e-03, -7.0924580e-04,  7.6761207e-04,
        -2.1578174e-04]], dtype=float32), array([[ 9.0003815e+00,  8.9998894e+00,  9.0010042e+00, -7.3165866e-04,
         2.6367005e-04,  3.8724745e-04, -3.4158945e-03,  3.0779080e-03,
        -1.5118369e-03,  7.1250077e-04, -4.8901327e-04,  2.2723284e-03,
        -2.2430671e-04, -1.4211704e-03, -1.9367019e-03, -3.0022301e-04,
         5.1506440e-04,  1.8009796e-03, -4.4242950e-04,  9.5950469e-04,
        -6.3423475e-05]], dtype=float32), array([[ 9.0003185e+00,  9.0009956e+00,  9.0012598e+00, -9.4899943e-04,
         5.3581753e-04,  1.9595904e-04, -3.2747374e-03,  2.7085789e-03,
        -9.8746037e-04, -2.3136663e-04, -4.4344156e-04,  1.9048231e-03,
        -7.2295807e-05, -7.9986325e-04, -1.3724623e-03, -3.2647868e-04,
         1.5033201e-04,  1.5454158e-03, -2.9434316e-04,  1.6469718e-04,
        -2.7575716e-04]], dtype=float32), array([[ 9.0004578e+00,  9.0003958e+00,  9.0012617e+00, -1.0686639e-03,
         6.0983188e-04,  4.0196089e-04, -3.2362572e-03,  2.4553663e-03,
        -1.1344955e-03,  1.4947350e-04, -1.2396618e-04,  1.9069546e-03,
         4.2368862e-05, -1.2745232e-03, -1.6051707e-03, -2.4990572e-04,
         2.8543992e-04,  1.3991354e-03, -7.0924580e-04,  7.6761207e-04,
        -2.1578174e-04]], dtype=float32), array([[ 9.0001507e+00,  9.0007029e+00,  9.0012617e+00, -1.0686639e-03,
         6.0983188e-04,  4.0196089e-04, -3.2362572e-03,  2.4553663e-03,
        -1.1344955e-03,  1.4947350e-04, -1.2396618e-04,  1.9069546e-03,
         4.2368862e-05, -1.2745232e-03, -1.6051707e-03, -2.4990572e-04,
         2.8543992e-04,  1.3991354e-03, -7.0924580e-04,  7.6761207e-04,
        -2.1578174e-04]], dtype=float32), array([[ 8.9997435e+00,  9.0002832e+00,  9.0010462e+00, -1.0686639e-03,
         6.0983188e-04,  4.0196089e-04, -3.2362572e-03,  2.4553663e-03,
        -1.1344955e-03,  1.4947350e-04, -1.2396618e-04,  1.9069546e-03,
         4.2368862e-05, -1.2745232e-03, -1.6051707e-03, -2.4990572e-04,
         2.8543992e-04,  1.3991354e-03, -7.0924580e-04,  7.6761207e-04,
        -2.1578174e-04]], dtype=float32), array([[ 9.0003891e+00,  8.9998846e+00,  9.0008526e+00, -9.4899943e-04,
         5.3581753e-04,  1.9595904e-04, -3.2747374e-03,  2.7085789e-03,
        -9.8746037e-04, -2.3136663e-04, -4.4344156e-04,  1.9048231e-03,
        -7.2295807e-05, -7.9986325e-04, -1.3724623e-03, -3.2647868e-04,
         1.5033201e-04,  1.5454158e-03, -2.9434316e-04,  1.6469718e-04,
        -2.7575716e-04]], dtype=float32), array([[ 9.0002127e+00,  9.0003271e+00,  9.0007954e+00, -9.4899943e-04,
         5.3581753e-04,  1.9595904e-04, -3.2747374e-03,  2.7085789e-03,
        -9.8746037e-04, -2.3136663e-04, -4.4344156e-04,  1.9048231e-03,
        -7.2295807e-05, -7.9986325e-04, -1.3724623e-03, -3.2647868e-04,
         1.5033201e-04,  1.5454158e-03, -2.9434316e-04,  1.6469718e-04,
        -2.7575716e-04]], dtype=float32), array([[ 8.9998636e+00,  9.0008259e+00,  9.0014210e+00, -8.1709790e-04,
         4.9723568e-04,  2.1241821e-04, -2.8237458e-03,  1.7672362e-03,
        -8.6208916e-04, -1.2352700e-04, -2.4877148e-04,  1.6658121e-03,
        -1.9082261e-04, -1.1574398e-03, -1.8895178e-03, -1.0946298e-03,
         6.6529529e-04,  1.1818946e-03, -1.1654139e-03,  1.0770166e-03,
        -2.8991717e-04]], dtype=float32), array([[ 9.0000114e+00,  9.0007296e+00,  9.0009089e+00, -9.4899943e-04,
         5.3581753e-04,  1.9595904e-04, -3.2747374e-03,  2.7085789e-03,
        -9.8746037e-04, -2.3136663e-04, -4.4344156e-04,  1.9048231e-03,
        -7.2295807e-05, -7.9986325e-04, -1.3724623e-03, -3.2647868e-04,
         1.5033201e-04,  1.5454158e-03, -2.9434316e-04,  1.6469718e-04,
        -2.7575716e-04]], dtype=float32), array([[-4.4369680e-04,  9.0003958e+00,  9.0016451e+00, -1.0686639e-03,
         6.0983188e-04,  4.0196089e-04, -3.2362572e-03,  2.4553663e-03,
        -1.1344955e-03,  1.4947350e-04, -1.2396618e-04,  1.9069546e-03,
         4.2368862e-05, -1.2745232e-03, -1.6051707e-03, -2.4990572e-04,
         2.8543992e-04,  1.3991354e-03, -7.0924580e-04,  7.6761207e-04,
        -2.1578174e-04]], dtype=float32), array([[-4.4369680e-04,  9.0001040e+00,  9.0009308e+00, -1.0686639e-03,
         6.0983188e-04,  4.0196089e-04, -3.2362572e-03,  2.4553663e-03,
        -1.1344955e-03,  1.4947350e-04, -1.2396618e-04,  1.9069546e-03,
         4.2368862e-05, -1.2745232e-03, -1.6051707e-03, -2.4990572e-04,
         2.8543992e-04,  1.3991354e-03, -7.0924580e-04,  7.6761207e-04,
        -2.1578174e-04]], dtype=float32), array([[ 9.0001621e+00,  8.9997120e+00,  9.0017452e+00, -9.4899943e-04,
         5.3581753e-04,  1.9595904e-04, -3.2747374e-03,  2.7085789e-03,
        -9.8746037e-04, -2.3136663e-04, -4.4344156e-04,  1.9048231e-03,
        -7.2295807e-05, -7.9986325e-04, -1.3724623e-03, -3.2647868e-04,
         1.5033201e-04,  1.5454158e-03, -2.9434316e-04,  1.6469718e-04,
        -2.7575716e-04]], dtype=float32), array([[ 9.0001554e+00, -1.9487242e-04,  9.0013504e+00, -8.1725989e-04,
         4.9730804e-04,  2.1253758e-04, -2.8240085e-03,  1.7676746e-03,
        -8.6226471e-04, -1.2335459e-04, -2.4869241e-04,  1.6659662e-03,
        -1.9067388e-04, -1.1575136e-03, -1.8893377e-03, -1.0940965e-03,
         6.6505570e-04,  1.1820334e-03, -1.1651263e-03,  1.0768195e-03,
        -2.8987037e-04]], dtype=float32), array([[ 9.0007038e+00,  9.0003958e+00,  9.0016451e+00, -1.0686639e-03,
         6.0983188e-04,  4.0196089e-04, -3.2362572e-03,  2.4553663e-03,
        -1.1344955e-03,  1.4947350e-04, -1.2396618e-04,  1.9069546e-03,
         4.2368862e-05, -1.2745232e-03, -1.6051707e-03, -2.4990572e-04,
         2.8543992e-04,  1.3991354e-03, -7.0924580e-04,  7.6761207e-04,
        -2.1578174e-04]], dtype=float32), array([[ 9.0007038e+00,  9.0007029e+00,  9.0013380e+00, -1.0686053e-03,
         6.0977263e-04,  4.0195821e-04, -3.2362887e-03,  2.4554739e-03,
        -1.1345610e-03,  1.4957119e-04, -1.2402915e-04,  1.9070185e-03,
         4.2322819e-05, -1.2745486e-03, -1.6052297e-03, -2.4991500e-04,
         2.8547959e-04,  1.3992053e-03, -7.0920039e-04,  7.6764484e-04,
        -2.1575531e-04]], dtype=float32), array([[ 8.9997997e+00,  9.0007029e+00,  9.0013380e+00, -1.0686639e-03,
         6.0983188e-04,  4.0196089e-04, -3.2362572e-03,  2.4553663e-03,
        -1.1344955e-03,  1.4947350e-04, -1.2396618e-04,  1.9069546e-03,
         4.2368862e-05, -1.2745232e-03, -1.6051707e-03, -2.4990572e-04,
         2.8543992e-04,  1.3991354e-03, -7.0924580e-04,  7.6761207e-04,
        -2.1578174e-04]], dtype=float32), array([[ 8.9997997e+00,  9.0003958e+00,  1.9332783e-03, -1.0686639e-03,
         6.0983188e-04,  4.0196089e-04, -3.2362572e-03,  2.4553663e-03,
        -1.1344955e-03,  1.4947350e-04, -1.2396618e-04,  1.9069546e-03,
         4.2368862e-05, -1.2745232e-03, -1.6051707e-03, -2.4990572e-04,
         2.8543992e-04,  1.3991354e-03, -7.0924580e-04,  7.6761207e-04,
        -2.1578174e-04]], dtype=float32), array([[ 8.9998589e+00,  9.0007734e+00,  9.0022793e+00, -1.0686639e-03,
         6.0983188e-04,  4.0196089e-04, -3.2362572e-03,  2.4553663e-03,
        -1.1344955e-03,  1.4947350e-04, -1.2396618e-04,  1.9069546e-03,
         4.2368862e-05, -1.2745232e-03, -1.6051707e-03, -2.4990572e-04,
         2.8543992e-04,  1.3991354e-03, -7.0924580e-04,  7.6761207e-04,
        -2.1578174e-04]], dtype=float32), array([[ 9.0000477e+00,  9.0000725e+00,  1.3365804e+01, -9.4899943e-04,
         5.3581753e-04,  1.9595904e-04, -3.2747374e-03,  2.7085789e-03,
        -9.8746037e-04, -2.3136663e-04, -4.4344156e-04,  1.9048231e-03,
        -7.2295807e-05, -7.9986325e-04, -1.3724623e-03, -3.2647868e-04,
         1.5033201e-04,  1.5454158e-03, -2.9434316e-04,  1.6469718e-04,
        -2.7575716e-04]], dtype=float32), array([[ 8.9998274e+00, -1.5809061e-03,  9.7320823e-04, -1.4424284e-03,
         5.2013341e-04,  9.5789385e-04, -3.7397372e-03,  2.3724132e-03,
        -1.1011492e-03, -6.7022367e-04, -9.7374711e-04,  1.2714190e-03,
         1.3677572e-04, -2.1664293e-03, -1.1582305e-03,  4.5931438e-04,
         6.7055016e-04,  8.4114115e-04,  5.5352109e-04, -1.9329321e-04,
        -5.5461121e-04]], dtype=float32), array([[-7.3482504e-04,  9.0004883e+00,  9.0014114e+00, -7.3165866e-04,
         2.6367005e-04,  3.8724745e-04, -3.4158945e-03,  3.0779080e-03,
        -1.5118369e-03,  7.1250077e-04, -4.8901327e-04,  2.2723284e-03,
        -2.2430671e-04, -1.4211704e-03, -1.9367019e-03, -3.0022301e-04,
         5.1506440e-04,  1.8009796e-03, -4.4242950e-04,  9.5950469e-04,
        -6.3423475e-05]], dtype=float32), array([[ 9.0001507e+00,  9.0000448e+00,  9.0016451e+00, -1.0686639e-03,
         6.0983188e-04,  4.0196089e-04, -3.2362572e-03,  2.4553663e-03,
        -1.1344955e-03,  1.4947350e-04, -1.2396618e-04,  1.9069546e-03,
         4.2368862e-05, -1.2745232e-03, -1.6051707e-03, -2.4990572e-04,
         2.8543992e-04,  1.3991354e-03, -7.0924580e-04,  7.6761207e-04,
        -2.1578174e-04]], dtype=float32), array([[ 9.0004578e+00,  9.0003195e+00,  9.0013380e+00, -1.0686639e-03,
         6.0983188e-04,  4.0196089e-04, -3.2362572e-03,  2.4553663e-03,
        -1.1344955e-03,  1.4947350e-04, -1.2396618e-04,  1.9069546e-03,
         4.2368862e-05, -1.2745232e-03, -1.6051707e-03, -2.4990572e-04,
         2.8543992e-04,  1.3991354e-03, -7.0924580e-04,  7.6761207e-04,
        -2.1578174e-04]], dtype=float32), array([[ 9.0000381e+00,  8.9999886e+00,  9.0010462e+00, -1.0686639e-03,
         6.0983188e-04,  4.0196089e-04, -3.2362572e-03,  2.4553663e-03,
        -1.1344955e-03,  1.4947350e-04, -1.2396618e-04,  1.9069546e-03,
         4.2368862e-05, -1.2745232e-03, -1.6051707e-03, -2.4990572e-04,
         2.8543992e-04,  1.3991354e-03, -7.0924580e-04,  7.6761207e-04,
        -2.1578174e-04]], dtype=float32), array([[ 9.0000114e+00, -3.9002043e-04,  9.0018129e+00, -9.4899943e-04,
         5.3581753e-04,  1.9595904e-04, -3.2747374e-03,  2.7085789e-03,
        -9.8746037e-04, -2.3136663e-04, -4.4344156e-04,  1.9048231e-03,
        -7.2295807e-05, -7.9986325e-04, -1.3724623e-03, -3.2647868e-04,
         1.5033201e-04,  1.5454158e-03, -2.9434316e-04,  1.6469718e-04,
        -2.7575716e-04]], dtype=float32), array([[ 9.0004578e+00,  9.0000448e+00,  9.0013380e+00, -1.0686639e-03,
         6.0983188e-04,  4.0196089e-04, -3.2362572e-03,  2.4553663e-03,
        -1.1344955e-03,  1.4947350e-04, -1.2396618e-04,  1.9069546e-03,
         4.2368862e-05, -1.2745232e-03, -1.6051707e-03, -2.4990572e-04,
         2.8543992e-04,  1.3991354e-03, -7.0924580e-04,  7.6761207e-04,
        -2.1578174e-04]], dtype=float32), array([[ 8.9997997e+00,  9.0003958e+00,  9.0016451e+00, -1.0686639e-03,
         6.0983188e-04,  4.0196089e-04, -3.2362572e-03,  2.4553663e-03,
        -1.1344955e-03,  1.4947350e-04, -1.2396618e-04,  1.9069546e-03,
         4.2368862e-05, -1.2745232e-03, -1.6051707e-03, -2.4990572e-04,
         2.8543992e-04,  1.3991354e-03, -7.0924580e-04,  7.6761207e-04,
        -2.1578174e-04]], dtype=float32), array([[ 8.9998589e+00,  8.9999886e+00,  9.0017157e+00, -1.0686639e-03,
         6.0983188e-04,  4.0196089e-04, -3.2362572e-03,  2.4553663e-03,
        -1.1344955e-03,  1.4947350e-04, -1.2396618e-04,  1.9069546e-03,
         4.2368862e-05, -1.2745232e-03, -1.6051707e-03, -2.4990572e-04,
         2.8543992e-04,  1.3991354e-03, -7.0924580e-04,  7.6761207e-04,
        -2.1578174e-04]], dtype=float32), array([[ 9.0000114e+00,  9.0009956e+00,  1.7767565e-03, -9.4899954e-04,
         5.3581764e-04,  1.9595928e-04, -3.2747369e-03,  2.7085785e-03,
        -9.8746025e-04, -2.3136663e-04, -4.4344150e-04,  1.9048231e-03,
        -7.2295661e-05, -7.9986354e-04, -1.3724624e-03, -3.2647868e-04,
         1.5033202e-04,  1.5454158e-03, -2.9434293e-04,  1.6469718e-04,
        -2.7575722e-04]], dtype=float32), array([[ 9.0007029e+00,  9.0001040e+00,  1.3366975e+01, -1.0686639e-03,
         6.0983188e-04,  4.0196089e-04, -3.2362572e-03,  2.4553663e-03,
        -1.1344955e-03,  1.4947350e-04, -1.2396618e-04,  1.9069546e-03,
         4.2368862e-05, -1.2745232e-03, -1.6051707e-03, -2.4990572e-04,
         2.8543992e-04,  1.3991354e-03, -7.0924580e-04,  7.6761207e-04,
        -2.1578174e-04]], dtype=float32), array([[ 9.0005646e+00,  9.0001764e+00,  9.0020790e+00, -9.4899943e-04,
         5.3581753e-04,  1.9595904e-04, -3.2747374e-03,  2.7085789e-03,
        -9.8746037e-04, -2.3136663e-04, -4.4344156e-04,  1.9048231e-03,
        -7.2295807e-05, -7.9986325e-04, -1.3724623e-03, -3.2647868e-04,
         1.5033201e-04,  1.5454158e-03, -2.9434316e-04,  1.6469718e-04,
        -2.7575716e-04]], dtype=float32), array([[ 8.9997997e+00,  4.8864451e-05,  9.0013380e+00, -1.0686639e-03,
         6.0983188e-04,  4.0196089e-04, -3.2362572e-03,  2.4553663e-03,
        -1.1344955e-03,  1.4947350e-04, -1.2396618e-04,  1.9069546e-03,
         4.2368862e-05, -1.2745232e-03, -1.6051707e-03, -2.4990572e-04,
         2.8543992e-04,  1.3991354e-03, -7.0924580e-04,  7.6761207e-04,
        -2.1578174e-04]], dtype=float32), array([[ 9.0005283e+00,  9.0001040e+00,  9.0009308e+00, -1.0686634e-03,
         6.0983177e-04,  4.0196037e-04, -3.2362575e-03,  2.4553668e-03,
        -1.1344955e-03,  1.4947285e-04, -1.2396689e-04,  1.9069549e-03,
         4.2368396e-05, -1.2745229e-03, -1.6051710e-03, -2.4990557e-04,
         2.8543983e-04,  1.3991353e-03, -7.0924521e-04,  7.6761039e-04,
        -2.1578182e-04]], dtype=float32), array([[ 9.0003185e+00,  9.0001001e+00,  9.0012598e+00, -9.4899943e-04,
         5.3581753e-04,  1.9595904e-04, -3.2747374e-03,  2.7085789e-03,
        -9.8746037e-04, -2.3136663e-04, -4.4344156e-04,  1.9048231e-03,
        -7.2295807e-05, -7.9986325e-04, -1.3724623e-03, -3.2647868e-04,
         1.5033201e-04,  1.5454158e-03, -2.9434316e-04,  1.6469718e-04,
        -2.7575716e-04]], dtype=float32), array([[ 9.0001507e+00,  9.0007029e+00,  9.0012617e+00, -1.0686639e-03,
         6.0983188e-04,  4.0196089e-04, -3.2362572e-03,  2.4553663e-03,
        -1.1344955e-03,  1.4947350e-04, -1.2396618e-04,  1.9069546e-03,
         4.2368862e-05, -1.2745232e-03, -1.6051707e-03, -2.4990572e-04,
         2.8543992e-04,  1.3991354e-03, -7.0924580e-04,  7.6761207e-04,
        -2.1578174e-04]], dtype=float32), array([[ 9.0001507e+00,  9.0007029e+00,  9.0018911e+00, -1.0686639e-03,
         6.0983188e-04,  4.0196089e-04, -3.2362572e-03,  2.4553663e-03,
        -1.1344955e-03,  1.4947350e-04, -1.2396618e-04,  1.9069546e-03,
         4.2368862e-05, -1.2745232e-03, -1.6051707e-03, -2.4990572e-04,
         2.8543992e-04,  1.3991354e-03, -7.0924580e-04,  7.6761207e-04,
        -2.1578174e-04]], dtype=float32), array([[ 8.9997997e+00,  9.0003958e+00,  9.0016451e+00, -1.0686639e-03,
         6.0983188e-04,  4.0196089e-04, -3.2362572e-03,  2.4553663e-03,
        -1.1344955e-03,  1.4947350e-04, -1.2396618e-04,  1.9069546e-03,
         4.2368862e-05, -1.2745232e-03, -1.6051707e-03, -2.4990572e-04,
         2.8543992e-04,  1.3991354e-03, -7.0924580e-04,  7.6761207e-04,
        -2.1578174e-04]], dtype=float32), array([[ 9.0001507e+00,  9.0000448e+00,  9.0016451e+00, -1.0686639e-03,
         6.0983188e-04,  4.0196089e-04, -3.2362572e-03,  2.4553663e-03,
        -1.1344955e-03,  1.4947350e-04, -1.2396618e-04,  1.9069546e-03,
         4.2368862e-05, -1.2745232e-03, -1.6051707e-03, -2.4990572e-04,
         2.8543992e-04,  1.3991354e-03, -7.0924580e-04,  7.6761207e-04,
        -2.1578174e-04]], dtype=float32), array([[ 9.0006847e+00,  9.0007811e+00,  9.0010214e+00, -1.0686622e-03,
         6.0983107e-04,  4.0195973e-04, -3.2362547e-03,  2.4553617e-03,
        -1.1344939e-03,  1.4947163e-04, -1.2396683e-04,  1.9069535e-03,
         4.2367348e-05, -1.2745229e-03, -1.6051722e-03, -2.4991125e-04,
         2.8544231e-04,  1.3991339e-03, -7.0924894e-04,  7.6761306e-04,
        -2.1578230e-04]], dtype=float32), array([[ 8.99993038e+00,  9.00015450e+00,  9.00090599e+00,
        -9.22491017e-04,  5.20132191e-04,  2.68031785e-04,
        -3.24513274e-03,  2.71845632e-03, -1.13933859e-03,
        -1.27983367e-04, -4.14976064e-04,  1.86808291e-03,
        -1.10603694e-04, -8.73532437e-04, -1.34776707e-03,
        -3.67607165e-04,  1.73331224e-04,  1.56218093e-03,
        -2.58169050e-04,  1.14804308e-04, -2.16829329e-04]], dtype=float32), array([[ 9.0000038e+00,  9.0006113e+00,  9.0010595e+00, -1.0686639e-03,
         6.0983188e-04,  4.0196089e-04, -3.2362572e-03,  2.4553663e-03,
        -1.1344955e-03,  1.4947350e-04, -1.2396618e-04,  1.9069546e-03,
         4.2368862e-05, -1.2745232e-03, -1.6051707e-03, -2.4990572e-04,
         2.8543992e-04,  1.3991354e-03, -7.0924580e-04,  7.6761207e-04,
        -2.1578174e-04]], dtype=float32), array([[ 8.9997110e+00,  9.0007582e+00,  1.1506516e-03, -1.1602493e-03,
         7.6273736e-04,  6.8297517e-04, -3.4800600e-03,  2.2674773e-03,
        -5.2241370e-04, -5.3849583e-04, -8.5725985e-04,  1.8895428e-03,
         4.6408625e-04, -1.4556637e-03, -1.2613717e-03, -8.2020524e-05,
         6.3063030e-04,  1.2119734e-03,  1.2903246e-04,  1.9283092e-04,
        -4.7865798e-04]], dtype=float32), array([[ 9.0000114e+00, -3.8997259e-04,  9.0009089e+00, -9.4901258e-04,
         5.3582533e-04,  1.9598151e-04, -3.2747334e-03,  2.7085517e-03,
        -9.8747644e-04, -2.3132554e-04, -4.4340646e-04,  1.9048241e-03,
        -7.2283117e-05, -7.9991436e-04, -1.3724871e-03, -3.2647024e-04,
         1.5034672e-04,  1.5453993e-03, -2.9438810e-04,  1.6476202e-04,
        -2.7575082e-04]], dtype=float32), array([[ 9.0001507e+00,  9.0007029e+00,  9.0009871e+00, -1.0686639e-03,
         6.0983188e-04,  4.0196089e-04, -3.2362572e-03,  2.4553663e-03,
        -1.1344955e-03,  1.4947350e-04, -1.2396618e-04,  1.9069546e-03,
         4.2368862e-05, -1.2745232e-03, -1.6051707e-03, -2.4990572e-04,
         2.8543992e-04,  1.3991354e-03, -7.0924580e-04,  7.6761207e-04,
        -2.1578174e-04]], dtype=float32), array([[ 9.0001507e+00,  9.0007029e+00,  9.0009871e+00, -1.0686639e-03,
         6.0983188e-04,  4.0196089e-04, -3.2362572e-03,  2.4553663e-03,
        -1.1344955e-03,  1.4947350e-04, -1.2396618e-04,  1.9069546e-03,
         4.2368862e-05, -1.2745232e-03, -1.6051707e-03, -2.4990572e-04,
         2.8543992e-04,  1.3991354e-03, -7.0924580e-04,  7.6761207e-04,
        -2.1578174e-04]], dtype=float32), array([[ 9.0001507e+00,  9.0009489e+00,  9.0016451e+00, -1.0686639e-03,
         6.0983188e-04,  4.0196089e-04, -3.2362572e-03,  2.4553663e-03,
        -1.1344955e-03,  1.4947350e-04, -1.2396618e-04,  1.9069546e-03,
         4.2368862e-05, -1.2745232e-03, -1.6051707e-03, -2.4990572e-04,
         2.8543992e-04,  1.3991354e-03, -7.0924580e-04,  7.6761207e-04,
        -2.1578174e-04]], dtype=float32), array([[-4.4369680e-04,  9.0005970e+00,  9.0014887e+00, -1.0686639e-03,
         6.0983188e-04,  4.0196089e-04, -3.2362572e-03,  2.4553663e-03,
        -1.1344955e-03,  1.4947350e-04, -1.2396618e-04,  1.9069546e-03,
         4.2368862e-05, -1.2745232e-03, -1.6051707e-03, -2.4990572e-04,
         2.8543992e-04,  1.3991354e-03, -7.0924580e-04,  7.6761207e-04,
        -2.1578174e-04]], dtype=float32), array([[ 9.0005913e+00, -1.9502650e-04,  9.0011940e+00, -8.1709790e-04,
         4.9723568e-04,  2.1241821e-04, -2.8237458e-03,  1.7672362e-03,
        -8.6208916e-04, -1.2352700e-04, -2.4877148e-04,  1.6658121e-03,
        -1.9082261e-04, -1.1574398e-03, -1.8895178e-03, -1.0946298e-03,
         6.6529529e-04,  1.1818946e-03, -1.1654139e-03,  1.0770166e-03,
        -2.8991717e-04]], dtype=float32), array([[ 9.0006409e+00,  9.0007095e+00,  9.0011940e+00, -8.1709790e-04,
         4.9723568e-04,  2.1241821e-04, -2.8237458e-03,  1.7672362e-03,
        -8.6208916e-04, -1.2352700e-04, -2.4877148e-04,  1.6658121e-03,
        -1.9082261e-04, -1.1574398e-03, -1.8895178e-03, -1.0946298e-03,
         6.6529529e-04,  1.1818946e-03, -1.1654139e-03,  1.0770166e-03,
        -2.8991717e-04]], dtype=float32), array([[ 9.0001554e+00,  9.0008268e+00,  9.0013504e+00, -8.1709790e-04,
         4.9723568e-04,  2.1241821e-04, -2.8237458e-03,  1.7672362e-03,
        -8.6208916e-04, -1.2352700e-04, -2.4877148e-04,  1.6658121e-03,
        -1.9082261e-04, -1.1574398e-03, -1.8895178e-03, -1.0946298e-03,
         6.6529529e-04,  1.1818946e-03, -1.1654139e-03,  1.0770166e-03,
        -2.8991717e-04]], dtype=float32), array([[ 9.0001507e+00,  9.0000448e+00,  9.0016451e+00, -1.0686639e-03,
         6.0983188e-04,  4.0196089e-04, -3.2362572e-03,  2.4553663e-03,
        -1.1344955e-03,  1.4947350e-04, -1.2396618e-04,  1.9069546e-03,
         4.2368862e-05, -1.2745232e-03, -1.6051707e-03, -2.4990572e-04,
         2.8543992e-04,  1.3991354e-03, -7.0924580e-04,  7.6761207e-04,
        -2.1578174e-04]], dtype=float32), array([[ 9.0001507e+00,  9.0009489e+00,  9.0016451e+00, -1.0686639e-03,
         6.0983188e-04,  4.0196089e-04, -3.2362572e-03,  2.4553663e-03,
        -1.1344955e-03,  1.4947350e-04, -1.2396618e-04,  1.9069546e-03,
         4.2368862e-05, -1.2745232e-03, -1.6051707e-03, -2.4990572e-04,
         2.8543992e-04,  1.3991354e-03, -7.0924580e-04,  7.6761207e-04,
        -2.1578174e-04]], dtype=float32), array([[ 1.3365248e+01,  9.0000448e+00,  9.0013380e+00, -1.0686639e-03,
         6.0983188e-04,  4.0196089e-04, -3.2362572e-03,  2.4553663e-03,
        -1.1344955e-03,  1.4947350e-04, -1.2396618e-04,  1.9069546e-03,
         4.2368862e-05, -1.2745232e-03, -1.6051707e-03, -2.4990572e-04,
         2.8543992e-04,  1.3991354e-03, -7.0924580e-04,  7.6761207e-04,
        -2.1578174e-04]], dtype=float32), array([[ 1.7865231e+01,  1.3500973e+01,  1.3500999e+01, -1.0686639e-03,
         6.0983188e-04,  4.0196089e-04, -3.2362572e-03,  2.4553663e-03,
        -1.1344955e-03,  1.4947350e-04, -1.2396618e-04,  1.9069546e-03,
         4.2368862e-05, -1.2745232e-03, -1.6051707e-03, -2.4990572e-04,
         2.8543992e-04,  1.3991354e-03, -7.0924580e-04,  7.6761207e-04,
        -2.1578174e-04]], dtype=float32)]
